#molinfo top get {center_matrix rotate_matrix scale_matrix global_matrix}
TBEV:{{1 0 0 -19.3331} {0 1 0 -59.9992} {0 0 1 -59.42} {0 0 0 1}} {{-0.439043 -0.612037 0.657761 0} {-0.210233 0.781749 0.58708 0} {-0.87352 0.11947 -0.471891 0} {0 0 0 1}} {{0.0568904 0 0 0} {0 0.0568904 0 0} {0 0 0.0568904 0} {0 0 0 1}} {{1 0 0 -0.13} {0 1 0 0.27} {0 0 1 0} {0 0 0 1}}:{{1 0 0 -19.3331} {0 1 0 -59.9992} {0 0 1 -59.42} {0 0 0 1}} {{-0.439043 -0.612037 0.657761 0} {-0.210233 0.781749 0.58708 0} {-0.87352 0.11947 -0.471891 0} {0 0 0 1}} {{0.0982673 0 0 0} {0 0.0982673 0 0} {0 0 0.0982673 0} {0 0 0 1}} {{1 0 0 -0.13} {0 1 0 0.27} {0 0 1 0} {0 0 0 1}}
JEV:{{1 0 0 -19.3331} {0 1 0 -59.9992} {0 0 1 -59.42} {0 0 0 1}} {{-0.507999 -0.60281 0.615268 0} {-0.225175 0.782398 0.580639 0} {-0.831401 0.15642 -0.533195 0} {0 0 0 1}} {{0.0568449 0 0 0} {0 0.0568449 0 0} {0 0 0.0568449 0} {0 0 0 1}} {{1 0 0 -0.08} {0 1 0 0.14} {0 0 1 0} {0 0 0 1}}:{{1 0 0 -19.3331} {0 1 0 -59.9992} {0 0 1 -59.42} {0 0 0 1}} {{-0.147777 -0.702875 0.695791 0} {0.206735 0.66602 0.716707 0} {-0.96717 0.249756 0.0468882 0} {0 0 0 1}} {{0.117826 0 0 0} {0 0.117826 0 0} {0 0 0.117826 0} {0 0 0 1}} {{1 0 0 0.25} {0 1 0 0.42} {0 0 1 0} {0 0 0 1}}
HCV:{{1 0 0 -19.3331} {0 1 0 -59.9992} {0 0 1 -59.42} {0 0 0 1}} {{-0.167478 -0.622193 0.764738 0} {-0.155364 0.782656 0.602747 0} {-0.973555 -0.0178672 -0.227743 0} {0 0 0 1}} {{0.0568904 0 0 0} {0 0.0568904 0 0} {0 0 0.0568904 0} {0 0 0 1}} {{1 0 0 0.00999996} {0 1 0 0.24} {0 0 1 0} {0 0 0 1}}:{{1 0 0 -19.3331} {0 1 0 -59.9992} {0 0 1 -59.42} {0 0 0 1}} {{-0.167478 -0.622193 0.764738 0} {-0.155364 0.782656 0.602747 0} {-0.973555 -0.0178672 -0.227743 0} {0 0 0 1}} {{0.117968 0 0 0} {0 0.117968 0 0} {0 0 0.117968 0} {0 0 0 1}} {{1 0 0 0.4} {0 1 0 0.84} {0 0 1 0} {0 0 0 1}} 
WNV:{{1 0 0 -19.3331} {0 1 0 -59.9992} {0 0 1 -59.42} {0 0 0 1}} {{-0.445496 -0.613496 0.652038 0} {-0.232645 0.78261 0.577399 0} {-0.864526 0.105535 -0.491376 0} {0 0 0 1}} {{0.0395072 0 0 0} {0 0.0395072 0 0} {0 0 0.0395072 0} {0 0 0 1}} {{1 0 0 0.2} {0 1 0 0.05} {0 0 1 0} {0 0 0 1}}:{{1 0 0 -19.3331} {0 1 0 -59.9992} {0 0 1 -59.42} {0 0 0 1}} {{-0.445496 -0.613496 0.652038 0} {-0.232645 0.78261 0.577399 0} {-0.864526 0.105535 -0.491376 0} {0 0 0 1}} {{0.0983066 0 0 0} {0 0.0983066 0 0} {0 0 0.0983066 0} {0 0 0 1}} {{1 0 0 0.55} {0 1 0 0.11} {0 0 1 0} {0 0 0 1}}
BVDV:{{1 0 0 -19.3331} {0 1 0 -59.9992} {0 0 1 -59.42} {0 0 0 1}} {{-0.445496 -0.613496 0.652038 0} {-0.232645 0.78261 0.577399 0} {-0.864526 0.105535 -0.491376 0} {0 0 0 1}} {{0.0568904 0 0 0} {0 0.0568904 0 0} {0 0 0.0568904 0} {0 0 0 1}} {{1 0 0 -0.02} {0 1 0 0.16} {0 0 1 0} {0 0 0 1}}:{{1 0 0 -19.3331} {0 1 0 -59.9992} {0 0 1 -59.42} {0 0 0 1}} {{-0.445496 -0.613496 0.652038 0} {-0.232645 0.78261 0.577399 0} {-0.864526 0.105535 -0.491376 0} {0 0 0 1}} {{0.117968 0 0 0} {0 0.117968 0 0} {0 0 0.117968 0} {0 0 0 1}} {{1 0 0 -0.02} {0 1 0 0.16} {0 0 1 0} {0 0 0 1}} 
Polio:{{1 0 0 -19.3331} {0 1 0 -59.9992} {0 0 1 -59.42} {0 0 0 1}} {{-0.310762 -0.576236 0.755894 0} {0.288527 0.70055 0.652664 0} {-0.905634 0.420918 -0.0514437 0} {0 0 0 1}} {{0.0568904 0 0 0} {0 0.0568904 0 0} {0 0 0.0568904 0} {0 0 0 1}} {{1 0 0 -0.02} {0 1 0 -0.09} {0 0 1 0} {0 0 0 1}}:{{1 0 0 -19.3331} {0 1 0 -59.9992} {0 0 1 -59.42} {0 0 0 1}} {{-0.310762 -0.576236 0.755894 0} {0.288527 0.70055 0.652664 0} {-0.905634 0.420918 -0.0514437 0} {0 0 0 1}} {{0.0982673 0 0 0} {0 0.0982673 0 0} {0 0 0.0982673 0} {0 0 0 1}} {{1 0 0 0.46} {0 1 0 0.15} {0 0 1 0} {0 0 0 1}}